1.775192260742187500e+01 2.116261291503906250e+01 0.000000000000000000e+00 0.000000000000000000e+00 1.851239395141601562e+01 1.252802181243896484e+01 1.432651805877685547e+01 1.145608329772949219e+01 2.218185043334960938e+01 1.760835266113281250e+01 1.705453872680664062e+01 1.123201370239257812e+02 3.966805219650268555e+00 1.827975654602050781e+01 1.543888282775878906e+01 2.209954071044921875e+01 2.032250976562500000e+01 1.676892471313476562e+01 1.275731182098388672e+01 2.105385971069335938e+01
5.759429931640625000e-01 5.805152654647827148e-01 5.871469378471374512e-01 7.672094106674194336e-01 5.247570276260375977e-01 5.480690598487854004e-01 5.431441068649291992e-01 5.541849136352539062e-01 9.905621409416198730e-01 5.263468027114868164e-01 5.104387402534484863e-01 8.760447502136230469e-01 6.024965047836303711e-01 5.225734114646911621e-01 5.450490713119506836e-01 5.175774097442626953e-01 5.723960399627685547e-01 5.272036194801330566e-01 5.855538845062255859e-01 5.209105014801025391e-01
5.357732009887695312e+01 7.940005493164062500e+01 0.000000000000000000e+00 1.075024032592773438e+01 2.981827545166015625e+01 5.861281585693359375e+01 7.986396789550781250e+01 1.291687965393066406e+01 0.000000000000000000e+00 3.576323699951171875e+01 5.302396392822265625e+01 1.869629096984863281e+01 6.943214416503906250e+01 2.612323951721191406e+01 7.796322631835937500e+01 5.643029403686523438e+01 9.137493896484375000e+01 1.587418937683105469e+01 0.000000000000000000e+00 9.383831024169921875e+01
2.126220321655273438e+01 1.854174804687500000e+01 1.886048507690429688e+01 7.435957431793212891e+00 1.483114719390869141e+01 1.665419578552246094e+01 1.662507057189941406e+01 1.794922637939453125e+01 2.529902267456054688e+01 1.392175006866455078e+01 1.569121456146240234e+01 2.896338462829589844e+01 1.688125419616699219e+01 1.453031253814697266e+01 1.715849685668945312e+01 1.406954288482666016e+01 1.653592681884765625e+01 1.486771583557128906e+01 1.263193798065185547e+01 1.182502269744873047e+01
0.000000000000000000e+00 0.000000000000000000e+00 3.198776245117187500e+00 0.000000000000000000e+00 4.694890594482421875e+01 2.822259187698364258e+00 4.242131805419921875e+01 9.020419311523437500e+01 0.000000000000000000e+00 2.819280624389648438e+01 3.320535659790039062e+01 5.548354339599609375e+01 1.253084850311279297e+01 0.000000000000000000e+00 6.973591613769531250e+01 2.361241149902343750e+01 0.000000000000000000e+00 6.709623718261718750e+01 4.316666793823242188e+01 1.234131431579589844e+01
2.542400550842285156e+01 3.540635108947753906e-02 3.937511825561523438e+01 1.026168465614318848e-02 1.447268009185791016e+01 3.931950378417968750e+01 1.530273437500000000e+01 1.393630599975585938e+01 0.000000000000000000e+00 5.162890243530273438e+01 5.446663284301757812e+01 6.071059799194335938e+01 0.000000000000000000e+00 5.055988693237304688e+01 7.345882058143615723e-01 1.314628362655639648e+00 0.000000000000000000e+00 1.636448287963867188e+01 3.875715637207031250e+01 1.836376762390136719e+01
0.000000000000000000e+00 0.000000000000000000e+00 0.000000000000000000e+00 1.151086044311523438e+01 0.000000000000000000e+00 8.336196136474609375e+01 7.429673767089843750e+01 8.615356445312500000e+00 0.000000000000000000e+00 6.901389312744140625e+01 3.664788436889648438e+01 0.000000000000000000e+00 0.000000000000000000e+00 1.106210937500000000e+02 1.306334381103515625e+02 7.970030975341796875e+01 5.353948473930358887e-02 0.000000000000000000e+00 1.013315353393554688e+02 3.083818054199218750e+01
0.000000000000000000e+00 0.000000000000000000e+00 0.000000000000000000e+00 0.000000000000000000e+00 7.900568389892578125e+01 0.000000000000000000e+00 0.000000000000000000e+00 0.000000000000000000e+00 0.000000000000000000e+00 1.051456756591796875e+02 1.476216125488281250e+02 0.000000000000000000e+00 0.000000000000000000e+00 1.065329208374023438e+02 0.000000000000000000e+00 1.370997314453125000e+02 0.000000000000000000e+00 9.947775268554687500e+01 0.000000000000000000e+00 9.290209960937500000e+01
0.000000000000000000e+00 7.964355945587158203e-01 0.000000000000000000e+00 0.000000000000000000e+00 2.600311660766601562e+01 0.000000000000000000e+00 1.335911560058593750e+01 1.176741027832031250e+01 1.827315368652343750e+02 2.017555618286132812e+01 2.572367095947265625e+01 2.239736938476562500e+02 0.000000000000000000e+00 1.361633396148681641e+01 8.238399505615234375e+00 3.020701026916503906e+01 0.000000000000000000e+00 1.794776344299316406e+01 0.000000000000000000e+00 1.725146484375000000e+01
4.493138504028320312e+01 6.803790569305419922e+00 0.000000000000000000e+00 5.469522476196289062e+00 2.920641326904296875e+01 4.159281921386718750e+01 3.426607513427734375e+01 9.927750587463378906e+00 0.000000000000000000e+00 2.355551910400390625e+01 3.235034942626953125e+01 5.173854064941406250e+01 7.926634216308593750e+01 2.489139556884765625e+01 2.760750389099121094e+01 3.994104003906250000e+01 6.535923004150390625e+01 2.483022499084472656e+01 4.676896333694458008e-02 4.451524353027343750e+01
1.460241394042968750e+02 6.491106414794921875e+01 0.000000000000000000e+00 1.802313804626464844e+01 5.058082962036132812e+01 4.902494049072265625e+01 5.408597946166992188e+01 4.775351715087890625e+01 3.518543624877929688e+01 4.790117263793945312e+01 3.957913208007812500e+01 0.000000000000000000e+00 4.707262802124023438e+01 4.744356918334960938e+01 4.348625946044921875e+01 3.092177772521972656e+01 5.576464533805847168e-02 4.572981643676757812e+01 2.404677867889404297e-02 1.177280807495117188e+01
2.915634536743164062e+01 1.110767822265625000e+02 1.055261707305908203e+01 0.000000000000000000e+00 8.569025421142578125e+01 2.207505226135253906e+00 5.657711029052734375e+01 9.547888946533203125e+01 8.762678146362304688e+00 2.611283302307128906e+01 6.607971191406250000e+01 0.000000000000000000e+00 0.000000000000000000e+00 2.669878768920898438e+01 7.058969116210937500e+01 5.193589019775390625e+01 2.340679359436035156e+01 3.193779373168945312e+01 1.121761703491210938e+02 2.904436302185058594e+01
0.000000000000000000e+00 0.000000000000000000e+00 0.000000000000000000e+00 1.409370136260986328e+01 2.218495559692382812e+01 1.179415130615234375e+02 8.850087738037109375e+01 1.209810943603515625e+02 3.405567550659179688e+01 4.154319000244140625e+01 8.871799468994140625e+01 0.000000000000000000e+00 0.000000000000000000e+00 0.000000000000000000e+00 0.000000000000000000e+00 0.000000000000000000e+00 1.026403903961181641e+00 6.675525665283203125e+01 7.476193237304687500e+01 5.509768295288085938e+01
0.000000000000000000e+00 0.000000000000000000e+00 4.245491981506347656e+00 8.249655914306640625e+01 2.557058715820312500e+01 9.845949554443359375e+01 0.000000000000000000e+00 0.000000000000000000e+00 0.000000000000000000e+00 4.126881790161132812e+01 3.546096420288085938e+01 6.430318450927734375e+01 0.000000000000000000e+00 0.000000000000000000e+00 9.425163269042968750e-03 3.619841766357421875e+01 0.000000000000000000e+00 2.861505889892578125e+01 1.092318878173828125e+02 4.880780029296875000e+01
0.000000000000000000e+00 0.000000000000000000e+00 0.000000000000000000e+00 2.418100280761718750e+02 4.754910659790039062e+01 4.861582946777343750e+01 1.934895515441894531e+01 0.000000000000000000e+00 9.594893646240234375e+01 5.336714553833007812e+01 7.236364746093750000e+01 1.170117759704589844e+01 0.000000000000000000e+00 6.013213348388671875e+01 3.492944335937500000e+01 4.863398742675781250e+01 2.848216891288757324e-02 5.614096450805664062e+01 0.000000000000000000e+00 5.255198669433593750e+01
3.499050521850585938e+01 0.000000000000000000e+00 0.000000000000000000e+00 5.919216156005859375e+01 1.239649772644042969e+01 1.212125015258789062e+01 4.491826057434082031e+00 4.447921752929687500e+00 6.474845123291015625e+01 1.485873889923095703e+01 1.750272560119628906e+01 2.369416503906250000e+02 0.000000000000000000e+00 2.501509284973144531e+01 2.466402053833007812e+01 2.075906753540039062e+01 0.000000000000000000e+00 1.719903373718261719e+01 7.235479354858398438e+00 1.229356575012207031e+01
2.457562065124511719e+01 8.085242271423339844e+00 0.000000000000000000e+00 7.733580589294433594e+00 2.891026306152343750e+01 4.089130020141601562e+01 3.382448577880859375e+01 0.000000000000000000e+00 0.000000000000000000e+00 2.268433761596679688e+01 2.277254867553710938e+01 1.251916427612304688e+02 8.805647277832031250e+01 3.080916976928710938e+01 1.098037147521972656e+01 3.354054260253906250e+01 5.816872024536132812e+01 2.218610572814941406e+01 1.168195152282714844e+01 2.928551292419433594e+01
9.860980224609375000e+01 0.000000000000000000e+00 1.198451614379882812e+01 8.028915405273437500e+01 2.382485580444335938e+01 4.583530044555664062e+01 3.341696929931640625e+01 2.715734100341796875e+01 7.342390441894531250e+01 2.730603408813476562e+01 2.543218803405761719e+01 0.000000000000000000e+00 1.063226089477539062e+02 3.590371322631835938e+01 3.516452789306640625e+01 2.951504135131835938e+01 1.942476081848144531e+01 3.099131774902343750e+01 0.000000000000000000e+00 2.943391036987304688e+01
3.765673446655273438e+01 5.163477706909179688e+01 2.448508453369140625e+01 6.001827239990234375e+01 2.739990615844726562e+01 1.677195549011230469e+01 2.962267684936523438e+01 3.465317916870117188e+01 0.000000000000000000e+00 2.572129249572753906e+01 2.721613311767578125e+01 1.390327358245849609e+01 4.643486785888671875e+01 2.543488883972167969e+01 3.042661285400390625e+01 2.821345901489257812e+01 3.517412948608398438e+01 2.481499099731445312e+01 2.683154678344726562e+01 2.279278945922851562e+01
1.771757316589355469e+01 3.435337448120117188e+01 7.823709106445312500e+01 8.679935455322265625e+01 8.941473960876464844e+00 3.974739074707031250e+01 4.325084304809570312e+01 3.886704635620117188e+01 0.000000000000000000e+00 2.478102302551269531e+01 3.157724761962890625e+01 1.282017326354980469e+01 2.790563392639160156e+01 2.087640762329101562e+01 2.997346496582031250e+01 8.939957618713378906e+00 7.195922851562500000e+01 2.877942848205566406e+01 4.436693954467773438e+01 1.957501602172851562e+01
3.064428710937500000e+01 2.000197219848632812e+01 8.503675842285156250e+01 4.246590423583984375e+01 1.213760185241699219e+01 3.967090606689453125e+01 2.176936531066894531e+01 1.429235744476318359e+01 0.000000000000000000e+00 1.623887634277343750e+01 2.323024749755859375e+01 2.477324104309082031e+01 1.183798885345458984e+01 1.250579929351806641e+01 3.188082122802734375e+01 1.167545127868652344e+01 4.070227432250976562e+01 1.860341262817382812e+01 5.274089813232421875e+01 1.944886779785156250e+01
1.720293807983398438e+01 1.876503372192382812e+01 9.243620300292968750e+01 2.330651473999023438e+01 1.691233444213867188e+01 3.011031150817871094e+01 2.005203819274902344e+01 1.446606826782226562e+01 0.000000000000000000e+00 1.843360328674316406e+01 2.433236312866210938e+01 2.162737655639648438e+01 3.637422180175781250e+01 2.051854133605957031e+01 3.182413291931152344e+01 1.523616981506347656e+01 3.440065383911132812e+01 2.327750968933105469e+01 5.429459762573242188e+01 1.591419601440429688e+01
7.182880401611328125e+01 2.194431114196777344e+01 1.362300567626953125e+02 2.775007629394531250e+01 7.527027130126953125e+00 5.162543869018554688e+01 1.920319175720214844e+01 2.589218902587890625e+01 0.000000000000000000e+00 4.462860870361328125e+01 5.291378021240234375e+01 0.000000000000000000e+00 5.977708816528320312e+01 5.506795501708984375e+01 5.603581619262695312e+01 3.408016967773437500e+01 4.972159194946289062e+01 3.090983963012695312e+01 3.608983993530273438e+01 1.926459503173828125e+01
0.000000000000000000e+00 3.668700790405273438e+01 1.488884735107421875e+02 0.000000000000000000e+00 4.720156478881835938e+01 3.769601440429687500e+01 4.204660034179687500e+01 2.786735916137695312e+01 0.000000000000000000e+00 4.882517623901367188e+01 4.948418807983398438e+01 0.000000000000000000e+00 7.929281616210937500e+01 5.082445144653320312e+01 5.633938217163085938e+01 4.445149993896484375e+01 0.000000000000000000e+00 5.344572067260742188e+01 8.035960388183593750e+01 4.265625381469726562e+01
1.466902828216552734e+01 8.442507171630859375e+01 1.223595123291015625e+02 4.065906524658203125e+01 4.127587127685546875e+01 6.209304428100585938e+01 4.888544082641601562e+01 3.679950332641601562e+01 0.000000000000000000e+00 4.402956008911132812e+01 3.858926010131835938e+01 0.000000000000000000e+00 2.566868019104003906e+01 5.140612030029296875e+01 5.603194427490234375e+01 4.144075012207031250e+01 0.000000000000000000e+00 5.058163833618164062e+01 1.268130302429199219e+01 3.956257247924804688e+01
0.000000000000000000e+00 0.000000000000000000e+00 1.366689910888671875e+02 8.515877532958984375e+01 8.194276428222656250e+01 7.706234741210937500e+01 8.109639739990234375e+01 7.896951293945312500e+01 0.000000000000000000e+00 4.563463211059570312e+01 2.763099670410156250e+01 0.000000000000000000e+00 1.082630038261413574e+00 6.950649261474609375e+01 8.564852905273437500e+01 6.275151443481445312e+01 9.735715866088867188e+00 1.053924560546875000e+01 0.000000000000000000e+00 4.196830749511718750e+01
0.000000000000000000e+00 3.788519668579101562e+01 5.725957870483398438e+01 7.617624759674072266e+00 5.121031570434570312e+01 8.978320312500000000e+01 0.000000000000000000e+00 6.889122009277343750e+01 3.468429565429687500e+00 5.262781524658203125e+01 3.869478988647460938e+01 0.000000000000000000e+00 4.084232330322265625e+01 6.177571487426757812e+01 8.776224517822265625e+01 5.102803802490234375e+01 8.686959838867187500e+01 4.544970703125000000e+01 0.000000000000000000e+00 4.032826614379882812e+01
1.218418426513671875e+02 4.959696960449218750e+01 5.625613021850585938e+01 4.432160377502441406e+00 4.136920547485351562e+01 6.942145538330078125e+01 2.327811813354492188e+01 2.632725715637207031e+01 6.481823730468750000e+01 2.840710449218750000e+01 3.568467330932617188e+01 0.000000000000000000e+00 8.288148880004882812e+00 3.525787353515625000e+01 3.223617172241210938e+01 3.352343750000000000e+01 4.414697265625000000e+01 2.993404960632324219e+01 8.418381214141845703e-03 2.776319122314453125e+01
1.796829986572265625e+01 5.601671218872070312e+01 3.136278915405273438e+01 3.118559718132019043e-02 4.903831100463867188e+01 4.145588874816894531e+00 2.512520599365234375e+01 5.607714462280273438e+01 6.332235717773437500e+01 1.396597766876220703e+01 5.063342666625976562e+01 0.000000000000000000e+00 0.000000000000000000e+00 0.000000000000000000e+00 2.013152885437011719e+01 3.847153091430664062e+01 5.138311004638671875e+01 2.187905120849609375e+01 1.290120086669921875e+02 1.756128692626953125e+01
3.876725006103515625e+01 0.000000000000000000e+00 9.128213882446289062e+00 5.392228317260742188e+01 4.583867645263671875e+01 7.709893035888671875e+01 5.554502868652343750e+01 8.096786499023437500e+01 0.000000000000000000e+00 4.396889114379882812e+01 6.898031616210937500e+01 0.000000000000000000e+00 0.000000000000000000e+00 8.738319396972656250e+00 0.000000000000000000e+00 9.275114059448242188e+00 5.691997146606445312e+01 6.146831512451171875e+01 6.204870223999023438e+01 6.681246185302734375e+01
1.559810638427734375e+01 2.129440879821777344e+01 0.000000000000000000e+00 7.061013793945312500e+01 3.635973739624023438e+01 4.027328109741210938e+01 1.497476005554199219e+01 5.618483066558837891e+00 0.000000000000000000e+00 2.516821861267089844e+01 2.044056129455566406e+01 3.411533355712890625e+01 0.000000000000000000e+00 2.099880409240722656e+01 2.283756446838378906e+01 3.341187286376953125e+01 1.656213998794555664e+00 3.138452720642089844e+01 8.729894256591796875e+01 3.587685012817382812e+01
4.031327247619628906e+00 4.628938436508178711e-02 0.000000000000000000e+00 2.109566192626953125e+02 1.847470092773437500e+01 2.935544967651367188e+01 0.000000000000000000e+00 0.000000000000000000e+00 6.797971343994140625e+01 4.091292572021484375e+01 5.249929428100585938e+01 6.768446350097656250e+01 0.000000000000000000e+00 1.985920333862304688e+01 1.954534339904785156e+01 4.208481597900390625e+01 9.796821594238281250e+00 1.784639358520507812e+01 0.000000000000000000e+00 2.165462112426757812e+01
1.681355476379394531e+01 1.973491477966308594e+01 1.077234745025634766e-03 5.339972305297851562e+01 1.311310482025146484e+01 1.263285636901855469e+01 4.257608890533447266e+00 1.462523651123046875e+01 2.191703033447265625e+01 1.866881752014160156e+01 1.972444534301757812e+01 1.736994781494140625e+02 1.744097328186035156e+01 2.085227012634277344e+01 1.755751609802246094e+01 2.341418075561523438e+01 8.678940773010253906e+00 1.935374641418457031e+01 2.550234556198120117e+00 1.270269680023193359e+01
1.913542985916137695e+00 1.930050253868103027e+00 1.976606369018554688e+00 2.507395982742309570e+00 1.824868559837341309e+00 1.869904756546020508e+00 1.869167327880859375e+00 1.866698384284973145e+00 3.509626388549804688e+00 1.790709376335144043e+00 1.806605815887451172e+00 2.942255973815917969e+00 2.032346963882446289e+00 1.824451684951782227e+00 1.849208593368530273e+00 1.814618825912475586e+00 1.925631284713745117e+00 1.821361541748046875e+00 1.973040580749511719e+00 1.812572956085205078e+00
2.639375495910644531e+01 1.945079421997070312e+01 1.437346458435058594e+01 8.050626516342163086e-01 2.513325500488281250e+01 3.388481521606445312e+01 2.897517204284667969e+01 1.158520698547363281e+01 0.000000000000000000e+00 2.151774978637695312e+01 1.955762863159179688e+01 1.245051574707031250e+02 7.149346923828125000e+01 2.787046241760253906e+01 2.102527236938476562e+01 2.869817161560058594e+01 4.651658248901367188e+01 2.124086952209472656e+01 2.263612937927246094e+01 2.687628936767578125e+01
6.605158996582031250e+01 1.042018508911132812e+01 2.596688079833984375e+01 8.606769561767578125e+01 1.428113460540771484e+01 2.905819129943847656e+01 2.711283111572265625e+01 1.670394706726074219e+01 1.786631774902343750e+02 1.834881973266601562e+01 2.076347923278808594e+01 0.000000000000000000e+00 1.013813171386718750e+02 2.870845603942871094e+01 2.837992286682128906e+01 2.257787895202636719e+01 2.500963020324707031e+01 2.296869277954101562e+01 1.123011398315429688e+01 2.024474334716796875e+01
5.153813552856445312e+01 6.757691955566406250e+01 2.180290603637695312e+01 1.237421264648437500e+02 4.163030624389648438e+01 1.966629409790039062e+01 4.243177032470703125e+01 4.742601776123046875e+01 9.031465530395507812e+00 3.704207229614257812e+01 3.781472015380859375e+01 6.057468414306640625e+00 9.470917510986328125e+01 3.597675704956054688e+01 4.499557113647460938e+01 4.335799407958984375e+01 3.589768981933593750e+01 3.633168411254882812e+01 4.909026336669921875e+01 3.371219635009765625e+01
3.271450805664062500e+01 4.154333877563476562e+01 3.644189071655273438e+01 1.131260604858398438e+02 1.265662479400634766e+01 2.703423500061035156e+01 3.443164825439453125e+01 3.887481307983398438e+01 0.000000000000000000e+00 2.109328842163085938e+01 2.569132232666015625e+01 4.440721511840820312e+01 1.144947147369384766e+01 2.146557998657226562e+01 1.924389076232910156e+01 1.334110832214355469e+01 5.760017013549804688e+01 2.530285263061523438e+01 1.087616825103759766e+01 1.845580291748046875e+01
2.990669822692871094e+01 3.190009307861328125e+01 5.697163391113281250e+01 6.039389801025390625e+01 7.789023399353027344e+00 2.323640441894531250e+01 1.806730842590332031e+01 1.847179031372070312e+01 0.000000000000000000e+00 7.750160217285156250e+00 1.059361362457275391e+01 1.088910751342773438e+02 2.604940032958984375e+01 2.425009965896606445e+00 1.597383499145507812e+01 2.854920148849487305e+00 4.290170669555664062e+01 9.827671051025390625e+00 5.043797302246093750e+01 1.400396823883056641e+01
0.000000000000000000e+00 0.000000000000000000e+00 8.403702545166015625e+01 5.098388290405273438e+01 1.784729385375976562e+01 2.532966613769531250e+01 2.512165641784667969e+01 1.788476562500000000e+01 0.000000000000000000e+00 1.131700038909912109e+01 2.211582946777343750e+01 1.084570693969726562e+02 5.970781326293945312e+00 2.727353858947753906e+01 2.765937995910644531e+01 1.465297508239746094e+01 5.071588516235351562e+01 9.056472778320312500e+00 2.497389793395996094e+01 1.415472316741943359e+01
1.024001026153564453e+01 2.128468322753906250e+01 3.030613327026367188e+01 8.473473548889160156e+00 1.314326000213623047e+01 1.548803043365478516e+01 1.295267295837402344e+01 1.397869682312011719e+01 2.454372406005859375e+01 1.500063800811767578e+01 1.253679084777832031e+01 4.574649047851562500e+01 5.836509704589843750e+00 1.544875717163085938e+01 1.419263744354248047e+01 1.025462341308593750e+01 1.768041801452636719e+01 1.263874912261962891e+01 1.431325435638427734e+01 1.449004077911376953e+01
8.050648689270019531e+00 6.878672790527343750e+01 8.483483123779296875e+01 2.902148962020874023e+00 2.848405075073242188e+01 2.742547416687011719e+01 1.983975410461425781e+01 1.991411209106445312e+01 2.727173614501953125e+01 3.447294235229492188e+01 1.578971195220947266e+01 3.521131134033203125e+01 0.000000000000000000e+00 3.118497657775878906e+01 2.091826629638671875e+01 1.155251789093017578e+01 2.677106857299804688e+01 2.128317832946777344e+01 1.719619178771972656e+01 3.429344558715820312e+01
0.000000000000000000e+00 9.208759307861328125e+01 8.263108062744140625e+01 5.640646362304687500e+01 4.001823806762695312e+01 2.477521514892578125e+01 2.554493522644042969e+01 2.233302116394042969e+01 6.110715103149414062e+01 3.846776199340820312e+01 1.613282966613769531e+01 0.000000000000000000e+00 0.000000000000000000e+00 3.728938674926757812e+01 2.527891159057617188e+01 2.215074920654296875e+01 3.199426651000976562e+01 2.355947685241699219e+01 1.736958503723144531e+01 4.119487380981445312e+01
1.095150089263916016e+01 5.317945098876953125e+01 5.140916824340820312e+01 8.196131134033203125e+01 5.330093765258789062e+01 1.909377670288085938e+01 3.824938964843750000e+01 4.550780105590820312e+01 3.021755409240722656e+01 4.328635406494140625e+01 1.122608470916748047e+01 0.000000000000000000e+00 0.000000000000000000e+00 6.147663497924804688e+01 9.416469573974609375e+00 4.115364074707031250e+01 8.254640960693359375e+01 2.141114997863769531e+01 0.000000000000000000e+00 4.323857116699218750e+01
1.524365997314453125e+01 4.831016540527343750e+01 1.913023567199707031e+01 0.000000000000000000e+00 3.910307693481445312e+01 3.431296539306640625e+01 2.366435813903808594e+01 2.386486816406250000e+01 2.319902801513671875e+01 3.040045738220214844e+01 1.866892623901367188e+01 1.656888389587402344e+01 3.462505722045898438e+01 4.140924072265625000e+01 2.427648925781250000e+01 3.631473541259765625e+01 8.410809326171875000e+01 2.604644584655761719e+01 0.000000000000000000e+00 3.767881393432617188e+01
6.889264678955078125e+01 4.063092041015625000e+01 1.739367866516113281e+01 0.000000000000000000e+00 3.110834121704101562e+01 3.242501068115234375e+01 3.201704025268554688e+01 2.211749076843261719e+01 1.032779769897460938e+02 2.603739356994628906e+01 2.884149932861328125e+01 0.000000000000000000e+00 4.328646469116210938e+01 3.417141342163085938e+01 2.144461059570312500e+01 2.208303833007812500e+01 4.316236495971679688e+01 3.150801086425781250e+01 2.677869987487792969e+01 1.825310707092285156e+01
8.469435119628906250e+01 5.878885269165039062e+01 1.040127277374267578e+01 1.159313774108886719e+01 4.763381195068359375e+01 9.588386535644531250e+00 2.312292289733886719e+01 2.086743545532226562e+01 2.598342514038085938e+01 3.687231445312500000e+01 3.350278854370117188e+01 0.000000000000000000e+00 3.874242782592773438e+01 4.008538436889648438e+01 1.009058189392089844e+01 3.353173446655273438e+01 6.885212707519531250e+01 3.773131561279296875e+01 1.026501235961914062e+02 3.119961166381835938e+01
7.532374572753906250e+01 6.250441074371337891e-03 5.095077133178710938e+01 6.330267333984375000e+01 4.535017013549804688e+01 3.817005157470703125e+01 3.420031738281250000e+01 2.705373191833496094e+01 1.262769222259521484e+01 9.746548652648925781e+00 5.984670257568359375e+01 0.000000000000000000e+00 3.519146680831909180e+00 4.041099548339843750e+01 0.000000000000000000e+00 3.904795837402343750e+01 9.871569824218750000e+01 6.347477340698242188e+01 7.417602539062500000e+01 1.968811416625976562e+01
4.862348937988281250e+01 2.344698143005371094e+01 3.207356643676757812e+01 1.218881988525390625e+02 3.786274719238281250e+01 3.352675628662109375e+01 1.154286289215087891e+01 3.277723491191864014e-01 9.482075691223144531e+00 3.317093276977539062e+01 3.208842849731445312e+01 3.127802371978759766e+00 0.000000000000000000e+00 3.212662887573242188e+01 3.745634841918945312e+01 4.122434616088867188e+01 3.800520706176757812e+01 3.522072982788085938e+01 1.173825607299804688e+02 4.376254653930664062e+01
6.065540790557861328e+00 0.000000000000000000e+00 1.189407253265380859e+01 1.632848205566406250e+02 3.793553543090820312e+01 2.274927139282226562e+01 2.225058555603027344e+01 1.598056411743164062e+01 1.244549751281738281e+01 2.622413635253906250e+01 2.974946212768554688e+01 8.787231445312500000e+01 0.000000000000000000e+00 3.445868301391601562e+01 7.737678050994873047e+00 2.439064407348632812e+01 3.299781417846679688e+01 3.341456222534179688e+01 0.000000000000000000e+00 2.812386703491210938e+01
2.608315467834472656e+01 2.180145645141601562e+01 1.629350185394287109e+00 5.429828643798828125e+01 1.927859497070312500e+01 7.319238185882568359e+00 1.320941543579101562e+01 1.477913856506347656e+01 7.264106273651123047e+00 1.640038681030273438e+01 2.357547378540039062e+01 1.499554595947265625e+02 7.601330280303955078e+00 1.473767375946044922e+01 1.868793296813964844e+01 2.012462615966796875e+01 4.618103981018066406e+00 1.434857082366943359e+01 2.702414512634277344e+01 2.354776763916015625e+01
4.934995651245117188e+00 4.983747959136962891e+00 5.263276100158691406e+00 7.179951190948486328e+00 4.796957015991210938e+00 5.045298099517822266e+00 4.938577651977539062e+00 4.989498615264892578e+00 1.198859691619873047e+01 4.867950916290283203e+00 4.870852947235107422e+00 9.562354087829589844e+00 5.378801345825195312e+00 4.847241401672363281e+00 4.994546890258789062e+00 4.853910446166992188e+00 4.954575061798095703e+00 4.858801364898681641e+00 5.380533218383789062e+00 4.821155071258544922e+00
2.378594779968261719e+01 2.078620529174804688e+01 1.877383041381835938e+01 0.000000000000000000e+00 2.137699508666992188e+01 3.255643844604492188e+01 2.281586265563964844e+01 1.439853572845458984e+01 0.000000000000000000e+00 2.064675140380859375e+01 1.740308761596679688e+01 1.297440032958984375e+02 6.259644317626953125e+01 2.690673637390136719e+01 2.362290000915527344e+01 2.566699600219726562e+01 3.848411178588867188e+01 2.003421783447265625e+01 2.440814590454101562e+01 2.566891860961914062e+01
3.745397949218750000e+01 0.000000000000000000e+00 3.798519134521484375e+01 3.336195755004882812e+01 1.331397533416748047e+01 4.143453979492187500e+01 1.858159828186035156e+01 1.169108867645263672e+01 1.521348114013671875e+02 2.243959045410156250e+01 3.256814956665039062e+01 0.000000000000000000e+00 1.283688049316406250e+02 3.253305435180664062e+01 3.530856704711914062e+01 3.266648101806640625e+01 0.000000000000000000e+00 3.027565002441406250e+01 3.510153961181640625e+01 2.470802879333496094e+01
1.938796043395996094e+01 6.148455047607421875e+01 2.090315437316894531e+01 1.963453979492187500e+02 2.181856536865234375e+01 2.002846145629882812e+01 3.489710998535156250e+01 3.533392333984375000e+01 1.112674713134765625e+02 2.293753814697265625e+01 2.418952941894531250e+01 0.000000000000000000e+00 8.821257781982421875e+01 2.191524696350097656e+01 3.777110671997070312e+01 2.722232246398925781e+01 4.269583129882812500e+01 2.111901092529296875e+01 5.792625427246093750e+01 2.176595306396484375e+01
2.979781341552734375e+01 4.285203933715820312e+01 3.041128540039062500e+01 1.592950134277343750e+02 2.025373840332031250e+01 2.434512329101562500e+01 3.155238151550292969e+01 3.352560806274414062e+01 4.497929000854492188e+01 2.489188194274902344e+01 2.320105361938476562e+01 3.307122230529785156e+00 6.558420562744140625e+01 2.401438140869140625e+01 3.128043937683105469e+01 2.357681846618652344e+01 3.509641647338867188e+01 2.313125801086425781e+01 3.687021255493164062e+01 2.275633621215820312e+01
3.134304809570312500e+01 5.156011199951171875e+01 2.626466178894042969e+01 1.744142608642578125e+02 2.035437393188476562e+01 1.662185668945312500e+01 2.817310333251953125e+01 3.079212570190429688e+01 6.529201507568359375e+01 2.030818939208984375e+01 1.905739974975585938e+01 2.014510345458984375e+01 7.854635620117187500e+01 2.130094528198242188e+01 2.938971328735351562e+01 2.193145179748535156e+01 3.248446273803710938e+01 1.907364082336425781e+01 4.078707504272460938e+01 1.773305892944335938e+01
3.494184494018554688e+01 5.486790847778320312e+01 2.509448242187500000e+01 1.744769744873046875e+02 2.262218475341796875e+01 1.626570892333984375e+01 2.976587867736816406e+01 3.243136978149414062e+01 6.212335205078125000e+01 2.218765068054199219e+01 2.040366172790527344e+01 2.061459159851074219e+01 8.657881927490234375e+01 2.229391479492187500e+01 3.104323768615722656e+01 2.440514755249023438e+01 3.260509109497070312e+01 2.095947647094726562e+01 4.409895706176757812e+01 1.918180274963378906e+01
1.831999778747558594e+01 2.064642333984375000e+01 1.113216304779052734e+01 3.393442153930664062e+01 1.412937545776367188e+01 1.158154869079589844e+01 1.506997108459472656e+01 1.523706626892089844e+01 3.398298645019531250e+01 1.328809261322021484e+01 1.302374649047851562e+01 3.535985183715820312e+01 2.481313705444335938e+01 1.353502941131591797e+01 1.447095298767089844e+01 1.449382209777832031e+01 1.642260932922363281e+01 1.301909542083740234e+01 1.510416793823242188e+01 1.307512092590332031e+01
4.198657989501953125e+01 5.180789184570312500e+01 2.208204650878906250e+01 1.578777923583984375e+02 2.531310272216796875e+01 1.741334152221679688e+01 3.095416831970214844e+01 3.380283355712890625e+01 4.226287460327148438e+01 2.374052429199218750e+01 2.288314437866210938e+01 2.155630874633789062e+01 9.017181396484375000e+01 2.531100654602050781e+01 3.069047355651855469e+01 2.770850563049316406e+01 3.156131172180175781e+01 2.402595138549804688e+01 3.983385086059570312e+01 2.161957168579101562e+01
4.048865890502929688e+01 2.393448829650878906e+01 1.609504508972167969e+01 7.580245208740234375e+01 1.578897190093994141e+01 1.602450370788574219e+01 2.214783477783203125e+01 1.968769264221191406e+01 7.687290954589843750e+01 1.599217987060546875e+01 1.575547218322753906e+01 8.120952606201171875e+00 7.592669677734375000e+01 2.016794204711914062e+01 2.181466102600097656e+01 2.077505302429199219e+01 2.267775154113769531e+01 1.851399421691894531e+01 2.359431838989257812e+01 1.557449245452880859e+01
2.840576553344726562e+01 3.710841751098632812e+01 1.497374629974365234e+01 9.299561309814453125e+01 1.943514633178710938e+01 1.050585842132568359e+01 2.171251869201660156e+01 2.475912857055664062e+01 2.090800857543945312e+01 1.781855201721191406e+01 1.737592697143554688e+01 3.469038391113281250e+01 5.817498779296875000e+01 1.818667030334472656e+01 2.238103485107421875e+01 2.059680938720703125e+01 1.991290092468261719e+01 1.766654777526855469e+01 2.846749114990234375e+01 1.521845626831054688e+01
3.598175048828125000e+01 4.728264617919921875e+01 1.959579467773437500e+01 1.304811859130859375e+02 2.411696243286132812e+01 1.224110221862792969e+01 2.836643409729003906e+01 3.249883651733398438e+01 1.271562004089355469e+01 2.293903160095214844e+01 2.283937835693359375e+01 5.563023376464843750e+01 7.856677246093750000e+01 2.290348815917968750e+01 2.557535362243652344e+01 2.601500511169433594e+01 2.394130516052246094e+01 2.263317680358886719e+01 3.532126235961914062e+01 1.904301834106445312e+01
4.198314285278320312e+01 5.430472183227539062e+01 1.724232864379882812e+01 1.312153472900390625e+02 2.879464721679687500e+01 1.324038505554199219e+01 3.086054420471191406e+01 3.613611984252929688e+01 1.304724979400634766e+01 2.553149795532226562e+01 2.551881790161132812e+01 4.954498291015625000e+01 8.736511993408203125e+01 2.501204872131347656e+01 2.966274833679199219e+01 3.005278968811035156e+01 2.601806831359863281e+01 2.494309806823730469e+01 3.663118362426757812e+01 2.158495521545410156e+01
4.419328689575195312e+01 5.694500732421875000e+01 1.739974975585937500e+01 1.271717758178710938e+02 3.041240692138671875e+01 1.319150733947753906e+01 3.221210861206054688e+01 3.800131225585937500e+01 8.615098953247070312e+00 2.656416511535644531e+01 2.702573776245117188e+01 5.238208007812500000e+01 8.797650146484375000e+01 2.589166259765625000e+01 3.098874855041503906e+01 3.156867599487304688e+01 2.681709671020507812e+01 2.614836692810058594e+01 3.695748138427734375e+01 2.247396469116210938e+01
4.509000778198242188e+01 5.645814132690429688e+01 1.727562141418457031e+01 1.250045471191406250e+02 3.073574447631835938e+01 1.430743789672851562e+01 3.260623931884765625e+01 3.816057968139648438e+01 6.586814403533935547e+00 2.725861358642578125e+01 2.755024909973144531e+01 5.051998519897460938e+01 8.794621276855468750e+01 2.660971450805664062e+01 3.172307777404785156e+01 3.199665260314941406e+01 2.716336250305175781e+01 2.710571098327636719e+01 3.674105453491210938e+01 2.313724899291992188e+01
4.169686126708984375e+01 4.953489303588867188e+01 1.721864509582519531e+01 9.957247161865234375e+01 2.778134918212890625e+01 1.420603370666503906e+01 2.949554443359375000e+01 3.406969833374023438e+01 6.877775192260742188e+00 2.458497619628906250e+01 2.522236824035644531e+01 4.301512145996093750e+01 7.425386047363281250e+01 2.423359489440917969e+01 2.843871688842773438e+01 2.850557708740234375e+01 2.714728164672851562e+01 2.503637313842773438e+01 3.257022094726562500e+01 2.134608459472656250e+01
5.459315109252929688e+01 3.388998031616210938e+01 1.360676479339599609e+01 8.174944305419921875e+01 2.615416336059570312e+01 2.090417671203613281e+01 3.181412124633789062e+01 3.024234008789062500e+01 2.306058311462402344e+01 2.510394859313964844e+01 2.470057678222656250e+01 1.070908355712890625e+01 8.760855102539062500e+01 2.736736679077148438e+01 2.627454566955566406e+01 2.917004966735839844e+01 2.783272552490234375e+01 2.793866920471191406e+01 3.129205894470214844e+01 2.302280807495117188e+01
3.893929290771484375e+01 4.588410568237304688e+01 1.590148639678955078e+01 8.699777984619140625e+01 2.598235321044921875e+01 1.356874561309814453e+01 2.749424934387207031e+01 3.125730514526367188e+01 5.753633022308349609e+00 2.296080398559570312e+01 2.380187416076660156e+01 4.050343322753906250e+01 6.670830535888671875e+01 2.221321678161621094e+01 2.677081680297851562e+01 2.645167922973632812e+01 2.546768188476562500e+01 2.356802368164062500e+01 3.045880317687988281e+01 2.009386444091796875e+01
2.805593299865722656e+01 3.481531143188476562e+01 3.064513778686523438e+01 7.440113830566406250e+01 1.286215114593505859e+01 2.203046798706054688e+01 2.842732238769531250e+01 3.200396728515625000e+01 0.000000000000000000e+00 1.813919448852539062e+01 2.163743782043457031e+01 4.078845977783203125e+01 1.661376953125000000e+01 1.777271080017089844e+01 1.784990501403808594e+01 1.214830112457275391e+01 4.173145675659179688e+01 2.150327110290527344e+01 1.651348114013671875e+01 1.601727867126464844e+01
2.409353256225585938e+01 2.662868881225585938e+01 4.263294219970703125e+01 5.326768875122070312e+01 1.084869003295898438e+01 2.058955383300781250e+01 1.844098472595214844e+01 1.919243431091308594e+01 0.000000000000000000e+00 1.281955528259277344e+01 1.347005558013916016e+01 9.686248779296875000e+01 1.390101242065429688e+01 7.554364681243896484e+00 1.852841377258300781e+01 8.986209869384765625e+00 3.237681579589843750e+01 1.368495750427246094e+01 3.835115814208984375e+01 1.461155700683593750e+01
6.464362621307373047e+00 8.315906524658203125e+00 6.113684463500976562e+01 4.979715728759765625e+01 1.454566669464111328e+01 2.338538360595703125e+01 1.535363483428955078e+01 1.364481163024902344e+01 0.000000000000000000e+00 1.400111675262451172e+01 1.865861129760742188e+01 9.186730957031250000e+01 7.486375808715820312e+00 2.199290275573730469e+01 2.097022438049316406e+01 1.346832466125488281e+01 2.645372009277343750e+01 1.607198905944824219e+01 2.075982856750488281e+01 1.513778495788574219e+01
1.060714435577392578e+01 2.618824386596679688e+01 4.725832748413085938e+01 1.371058559417724609e+01 1.443704032897949219e+01 1.841382598876953125e+01 1.418793487548828125e+01 1.628491592407226562e+01 7.417322635650634766e+00 1.634593391418457031e+01 1.444110965728759766e+01 7.988523864746093750e+01 1.455758571624755859e+00 1.669997215270996094e+01 1.697434043884277344e+01 9.447359085083007812e+00 1.976969337463378906e+01 1.435038566589355469e+01 1.872216415405273438e+01 1.672780799865722656e+01
9.799080848693847656e+00 3.752018356323242188e+01 5.044935989379882812e+01 2.348211407661437988e-02 1.809844207763671875e+01 1.730622100830078125e+01 1.482813072204589844e+01 1.706109428405761719e+01 3.124449729919433594e+01 1.957030105590820312e+01 1.378753566741943359e+01 5.086476898193359375e+01 0.000000000000000000e+00 1.904780387878417969e+01 1.581673526763916016e+01 9.902320861816406250e+00 2.020839881896972656e+01 1.593616676330566406e+01 1.750390815734863281e+01 1.965341186523437500e+01
3.947056770324707031e+00 6.781901550292968750e+01 7.372449493408203125e+01 2.492056274414062500e+01 2.817960739135742188e+01 2.159221649169921875e+01 2.011149024963378906e+01 2.515072822570800781e+01 7.731209564208984375e+01 2.802908706665039062e+01 1.077566814422607422e+01 1.586380958557128906e+01 0.000000000000000000e+00 2.408975410461425781e+01 1.504705333709716797e+01 1.002134704589843750e+01 2.656049537658691406e+01 1.786817359924316406e+01 1.494058513641357422e+01 3.015140533447265625e+01
2.990110397338867188e+00 4.294328689575195312e+01 6.049475097656250000e+01 8.559346771240234375e+01 3.194013214111328125e+01 2.699037170410156250e+01 2.776437187194824219e+01 3.802248764038085938e+01 1.109926834106445312e+02 2.823472976684570312e+01 1.718004035949707031e+01 0.000000000000000000e+00 0.000000000000000000e+00 3.316569900512695312e+01 1.987482452392578125e+01 2.388977813720703125e+01 5.456692123413085938e+01 2.179212188720703125e+01 0.000000000000000000e+00 3.228549957275390625e+01
0.000000000000000000e+00 4.491225814819335938e+01 1.349576854705810547e+01 1.007226276397705078e+01 3.900054550170898438e+01 2.278478240966796875e+01 2.046522331237792969e+01 2.945773506164550781e+01 6.570761871337890625e+01 3.473435211181640625e+01 1.985676956176757812e+01 0.000000000000000000e+00 8.104421615600585938e+00 3.777869796752929688e+01 2.775860786437988281e+01 3.744811248779296875e+01 6.194044113159179688e+01 2.649548721313476562e+01 1.185968303680419922e+01 3.961669540405273438e+01
3.893191528320312500e+01 3.282608413696289062e+01 1.026510429382324219e+01 0.000000000000000000e+00 2.739970397949218750e+01 2.279315948486328125e+01 1.685651969909667969e+01 1.166882514953613281e+01 1.239284667968750000e+02 2.225565528869628906e+01 1.765347290039062500e+01 2.156558990478515625e+01 2.099158287048339844e+01 2.940100288391113281e+01 1.275615119934082031e+01 2.321680641174316406e+01 4.707719802856445312e+01 2.193346214294433594e+01 1.632487678527832031e+01 2.285426330566406250e+01
4.216621017456054688e+01 2.993536376953125000e+01 0.000000000000000000e+00 0.000000000000000000e+00 3.427091598510742188e+01 2.235558128356933594e+01 1.642851066589355469e+01 3.734205484390258789e+00 1.217022132873535156e+01 2.282655143737792969e+01 1.739854812622070312e+01 2.893580436706542969e+01 3.364999389648437500e+01 3.746536254882812500e+01 2.601562023162841797e+00 2.809077072143554688e+01 6.785649108886718750e+01 2.447433471679687500e+01 4.851220321655273438e+01 2.653498077392578125e+01
4.825422286987304688e+01 0.000000000000000000e+00 2.697597885131835938e+01 1.881057929992675781e+01 2.120142745971679688e+01 2.694464492797851562e+01 2.407398986816406250e+01 1.558377265930175781e+01 7.470895385742187500e+01 1.214468288421630859e+01 2.405383300781250000e+01 0.000000000000000000e+00 3.429761123657226562e+01 2.156844329833984375e+01 5.848345279693603516e+00 1.775489425659179688e+01 4.633313369750976562e+01 2.989346504211425781e+01 5.135108566284179688e+01 1.692362976074218750e+01
4.784519577026367188e+01 0.000000000000000000e+00 1.454533004760742188e+01 5.073904418945312500e+01 2.835429763793945312e+01 2.134480285644531250e+01 1.409477329254150391e+01 0.000000000000000000e+00 0.000000000000000000e+00 2.436367416381835938e+01 1.594476985931396484e+01 1.925349235534667969e+01 2.870909690856933594e+01 2.135561752319335938e+01 2.772555732727050781e+01 3.840930938720703125e+01 3.876211547851562500e+01 2.270353507995605469e+01 8.764273071289062500e+01 2.251071166992187500e+01
1.186620616912841797e+01 1.215600204467773438e+01 8.704775810241699219e+00 2.099902725219726562e+01 9.598642349243164062e+00 8.820917129516601562e+00 1.018611526489257812e+01 9.947288513183593750e+00 3.070183753967285156e+01 9.269429206848144531e+00 9.077457427978515625e+00 2.917463493347167969e+01 1.544806003570556641e+01 9.592329978942871094e+00 9.694873809814453125e+00 9.908480644226074219e+00 1.150097656250000000e+01 9.206151962280273438e+00 1.134263420104980469e+01 9.401394844055175781e+00
2.162220954895019531e+01 2.397327613830566406e+01 1.804566192626953125e+01 6.811367034912109375e+01 1.097445774078369141e+01 1.407165050506591797e+01 1.821230888366699219e+01 1.958321380615234375e+01 1.013570404052734375e+01 1.300966072082519531e+01 1.305914878845214844e+01 5.456110000610351562e+01 3.297844696044921875e+01 1.346605110168457031e+01 1.449168968200683594e+01 1.249081420898437500e+01 2.180022621154785156e+01 1.415571594238281250e+01 1.863560295104980469e+01 1.268313407897949219e+01
9.845253944396972656e+00 1.049810504913330078e+01 1.040091896057128906e+01 1.789349746704101562e+01 8.129631042480468750e+00 9.317485809326171875e+00 9.161167144775390625e+00 9.275308609008789062e+00 2.520384979248046875e+01 8.489785194396972656e+00 8.591403007507324219e+00 2.901354789733886719e+01 1.110168266296386719e+01 8.270454406738281250e+00 9.078487396240234375e+00 8.334774017333984375e+00 1.053641510009765625e+01 8.514501571655273438e+00 1.086465835571289062e+01 8.553388595581054688e+00
2.250111770629882812e+01 2.248447608947753906e+01 2.426257324218750000e+01 1.037460479736328125e+02 3.815541267395019531e+00 2.466546249389648438e+01 2.172643852233886719e+01 2.046297836303710938e+01 0.000000000000000000e+00 1.633737754821777344e+01 1.575314426422119141e+01 9.605033874511718750e+01 4.608395767211914062e+01 1.946986007690429688e+01 2.074555587768554688e+01 1.376302146911621094e+01 1.731263542175292969e+01 1.847736930847167969e+01 1.430217552185058594e+01 1.633184814453125000e+01
1.163313007354736328e+01 1.240350532531738281e+01 1.142725563049316406e+01 2.466003608703613281e+01 8.980294227600097656e+00 9.722986221313476562e+00 1.066754055023193359e+01 1.081067085266113281e+01 2.917469596862792969e+01 9.372562408447265625e+00 9.362751960754394531e+00 3.422964859008789062e+01 1.581093978881835938e+01 9.514727592468261719e+00 1.007821083068847656e+01 9.338363647460937500e+00 1.164293003082275391e+01 9.610220909118652344e+00 1.219495391845703125e+01 9.364010810852050781e+00
1.319205760955810547e+01 1.420821857452392578e+01 1.211168384552001953e+01 2.945079994201660156e+01 9.967599868774414062e+00 1.016388893127441406e+01 1.176043510437011719e+01 1.210487461090087891e+01 3.130641174316406250e+01 1.021044349670410156e+01 1.025506305694580078e+01 3.764310073852539062e+01 1.891698646545410156e+01 1.045063209533691406e+01 1.127293586730957031e+01 1.039320755004882812e+01 1.277973937988281250e+01 1.039532279968261719e+01 1.361814498901367188e+01 1.006156063079833984e+01
